#format table ## [Custom WaveView] saved 13:55:57 Tue Aug 26 2025
TIME State_(-) Decayrate_(Ohm/ns) Growrate_(Ohm/ns) Rdyn_(Ohm) Ldyn_(H) Iwire_(A) Temp_(K) Output_pulse_(V) 
 8.000E-09  0.000E+00  0.000E+00  0.000E+00  1.000E-06  5.840E-10  1.520E-05  2.000E+00 -9.831E-06 
 8.046E-09  0.000E+00  0.000E+00  0.000E+00  1.000E-06  5.840E-10  1.520E-05  2.000E+00 -9.940E-06 
 8.127E-09  0.000E+00  0.000E+00  0.000E+00  1.000E-06  5.840E-10  1.520E-05  2.000E+00 -1.012E-05 
 8.357E-09  0.000E+00  0.000E+00  0.000E+00  1.000E-06  5.841E-10  1.521E-05  2.000E+00 -1.060E-05 
 8.676E-09  0.000E+00  0.000E+00  0.000E+00  1.000E-06  5.842E-10  1.522E-05  2.000E+00 -1.114E-05 
 9.214E-09  0.000E+00  0.000E+00  0.000E+00  1.000E-06  5.843E-10  1.524E-05  2.000E+00 -1.181E-05 
 9.766E-09  0.000E+00  0.000E+00  0.000E+00  1.000E-06  5.844E-10  1.525E-05  2.000E+00 -1.226E-05 
 1.000E-08  0.000E+00  0.000E+00  0.000E+00  1.000E-06  5.844E-10  1.525E-05  2.000E+00 -1.239E-05 
 1.000E-08  0.000E+00  0.000E+00  0.000E+00  1.000E-06  5.844E-10  1.525E-05  2.000E+00 -1.239E-05 
 1.000E-08  0.000E+00  0.000E+00  0.000E+00  1.000E-06  5.844E-10  1.525E-05  2.000E+00 -1.239E-05 
 1.000E-08  0.000E+00  0.000E+00  0.000E+00  1.000E-06  5.844E-10  1.525E-05  2.000E+00 -1.239E-05 
 1.000E-08  0.000E+00  0.000E+00  0.000E+00  1.000E-06  5.844E-10  1.525E-05  2.000E+00 -1.239E-05 
 1.000E-08  0.000E+00  0.000E+00  0.000E+00  1.000E-06  5.844E-10  1.525E-05  2.000E+00 -1.239E-05 
 1.000E-08  0.000E+00  0.000E+00  0.000E+00  1.000E-06  5.844E-10  1.525E-05  2.000E+00 -1.239E-05 
 1.000E-08  0.000E+00  0.000E+00  0.000E+00  1.000E-06  5.844E-10  1.525E-05  2.000E+00 -1.239E-05 
 1.000E-08  1.000E+00 -5.285E-18  1.300E+04  2.130E-01  5.844E-10  1.525E-05  2.010E+00 -1.239E-05 
 1.000E-08  1.000E+00 -2.776E-17  1.300E+04  3.430E-01  5.844E-10  1.525E-05  2.016E+00 -1.239E-05 
 1.000E-08  1.000E+00 -5.023E-17  1.300E+04  4.729E-01  5.844E-10  1.525E-05  2.022E+00 -1.239E-05 
 1.000E-08  1.000E+00 -7.270E-17  1.300E+04  6.029E-01  5.844E-10  1.525E-05  2.028E+00 -1.239E-05 
 1.000E-08  1.000E+00 -1.446E-16  1.300E+04  1.019E+00  5.844E-10  1.525E-05  2.047E+00 -1.239E-05 
 1.000E-08  1.000E+00 -3.747E-16  1.300E+04  2.350E+00  5.844E-10  1.525E-05  2.109E+00 -1.238E-05 
 1.000E-08  1.000E+00  6.654E-16  1.300E+04  6.609E+00  5.844E-10  1.525E-05  2.307E+00 -1.234E-05 
 1.000E-08  1.000E+00 -3.112E-15  1.300E+04  2.024E+01  5.844E-10  1.524E-05  2.941E+00 -1.212E-05 
 1.001E-08  1.000E+00 -6.929E-15  1.299E+04  3.400E+01  5.844E-10  1.524E-05  3.579E+00 -1.175E-05 
 1.001E-08  1.000E+00  7.051E-15  1.299E+04  3.484E+01  5.844E-10  1.524E-05  3.618E+00 -1.172E-05 
 1.001E-08  1.000E+00  2.287E-15  1.299E+04  3.540E+01  5.843E-10  1.524E-05  3.644E+00 -1.171E-05 
 1.001E-08  1.000E+00  1.251E-15  1.299E+04  3.720E+01  5.843E-10  1.524E-05  3.727E+00 -1.164E-05 
 1.001E-08  1.000E+00  7.199E-17  1.299E+04  3.925E+01  5.843E-10  1.524E-05  3.822E+00 -1.157E-05 
 1.001E-08  1.000E+00 -3.701E-15  1.298E+04  4.581E+01  5.843E-10  1.523E-05  4.126E+00 -1.132E-05 
 1.001E-08  1.000E+00  1.265E-14  1.296E+04  6.678E+01  5.841E-10  1.521E-05  5.091E+00 -1.028E-05 
 1.001E-08  1.000E+00  4.152E-15  1.293E+04  9.230E+01  5.838E-10  1.518E-05  6.255E+00 -8.560E-06 
 1.001E-08  1.000E+00 -4.544E-15  1.289E+04  1.184E+02  5.834E-10  1.514E-05  7.425E+00 -6.283E-06 
 1.001E-08  1.000E+00 -1.251E-14  1.284E+04  1.422E+02  5.830E-10  1.509E-05  8.475E+00 -3.744E-06 
 1.002E-08  1.000E+00 -1.993E-14  1.279E+04  1.642E+02  5.825E-10  1.504E-05  9.428E+00 -9.989E-07 
 1.002E-08  1.000E+00 -2.687E-14  1.274E+04  1.848E+02  5.820E-10  1.498E-05  1.030E+01  1.897E-06 
 1.002E-08  1.000E+00  2.335E-14  1.268E+04  2.043E+02  5.815E-10  1.492E-05  1.110E+01  4.951E-06 
 1.002E-08  1.000E+00  1.484E-14  1.262E+04  2.230E+02  5.810E-10  1.486E-05  1.185E+01  8.153E-06 
 1.002E-08  1.000E+00  6.583E-15  1.255E+04  2.411E+02  5.804E-10  1.480E-05  1.255E+01  1.150E-05 
 1.002E-08  1.000E+00 -1.467E-15  1.249E+04  2.586E+02  5.798E-10  1.473E-05  1.322E+01  1.499E-05 
 1.002E-08  1.000E+00 -9.343E-15  1.242E+04  2.756E+02  5.792E-10  1.466E-05  1.384E+01  1.862E-05 
 1.003E-08  1.000E+00 -1.560E-14  1.236E+04  2.891E+02  5.787E-10  1.460E-05  1.432E+01  2.164E-05 
 1.003E-08  1.000E+00 -1.638E-14  1.235E+04  2.907E+02  5.786E-10  1.459E-05  1.438E+01  2.202E-05 
 1.003E-08  1.000E+00 -1.664E-14  1.235E+04  2.913E+02  5.786E-10  1.459E-05  1.440E+01  2.216E-05 
 1.003E-08  1.000E+00 -1.749E-14  1.234E+04  2.931E+02  5.785E-10  1.458E-05  1.446E+01  2.258E-05 
 1.003E-08  1.000E+00 -1.848E-14  1.233E+04  2.953E+02  5.784E-10  1.457E-05  1.454E+01  2.308E-05 
 1.003E-08  1.000E+00 -2.166E-14  1.230E+04  3.020E+02  5.782E-10  1.454E-05  1.477E+01  2.469E-05 
 1.003E-08  1.000E+00 -2.245E-14  1.229E+04  3.037E+02  5.781E-10  1.453E-05  1.483E+01  2.509E-05 
 1.003E-08  1.000E+00 -2.499E-14  1.227E+04  3.092E+02  5.779E-10  1.450E-05  1.501E+01  2.641E-05 
 1.003E-08  1.000E+00 -2.666E-14  1.225E+04  3.127E+02  5.778E-10  1.449E-05  1.513E+01  2.729E-05 
 1.003E-08  1.000E+00 -2.799E-14  1.223E+04  3.155E+02  5.776E-10  1.447E-05  1.522E+01  2.800E-05 
 1.003E-08  1.000E+00 -2.826E-14  1.223E+04  3.161E+02  5.776E-10  1.447E-05  1.524E+01  2.814E-05 
 1.003E-08  1.000E+00 -2.832E-14  1.223E+04  3.163E+02  5.776E-10  1.447E-05  1.524E+01  2.817E-05 
 1.003E-08  1.000E+00 -2.838E-14  1.223E+04  3.164E+02  5.776E-10  1.447E-05  1.525E+01  2.820E-05 
 1.003E-08  1.000E+00 -2.842E-14  1.223E+04  3.165E+02  5.776E-10  1.447E-05  1.525E+01  2.822E-05 
 1.003E-08  1.000E+00 -2.845E-14  1.223E+04  3.165E+02  5.776E-10  1.447E-05  1.525E+01  2.824E-05 
 1.003E-08  1.000E+00 -2.846E-14  1.223E+04  3.165E+02  5.776E-10  1.447E-05  1.525E+01  2.825E-05 
 1.003E-08  1.000E+00 -2.846E-14  1.223E+04  3.166E+02  5.776E-10  1.447E-05  1.525E+01  2.825E-05 
 1.003E-08  1.000E+00 -2.846E-14  1.223E+04  3.166E+02  5.776E-10  1.447E-05  1.525E+01  2.825E-05 
 1.003E-08  1.000E+00 -2.846E-14  1.223E+04  3.166E+02  5.776E-10  1.447E-05  1.525E+01  2.825E-05 
 1.003E-08  1.000E+00 -2.846E-14  1.223E+04  3.166E+02  5.776E-10  1.447E-05  1.525E+01  2.825E-05 
 1.003E-08  1.000E+00 -2.846E-14  1.223E+04  3.166E+02  5.776E-10  1.447E-05  1.525E+01  2.825E-05 
 1.003E-08  0.000E+00 -6.506E+02  0.000E+00  3.166E+02  5.776E-10  1.447E-05  1.525E+01  2.825E-05 
 1.003E-08  0.000E+00 -6.506E+02  0.000E+00  3.165E+02  5.776E-10  1.447E-05  1.525E+01  2.828E-05 
 1.003E-08  0.000E+00 -6.505E+02  0.000E+00  3.165E+02  5.776E-10  1.447E-05  1.525E+01  2.831E-05 
 1.003E-08  0.000E+00 -6.504E+02  0.000E+00  3.165E+02  5.776E-10  1.447E-05  1.525E+01  2.840E-05 
 1.003E-08  0.000E+00 -6.500E+02  0.000E+00  3.165E+02  5.775E-10  1.446E-05  1.523E+01  2.871E-05 
 1.003E-08  0.000E+00 -6.486E+02  0.000E+00  3.162E+02  5.773E-10  1.444E-05  1.519E+01  2.969E-05 
 1.003E-08  0.000E+00 -6.444E+02  0.000E+00  3.156E+02  5.768E-10  1.438E-05  1.505E+01  3.282E-05 
 1.003E-08  0.000E+00 -6.395E+02  0.000E+00  3.148E+02  5.762E-10  1.430E-05  1.488E+01  3.647E-05 
 1.003E-08  0.000E+00 -6.380E+02  0.000E+00  3.145E+02  5.760E-10  1.428E-05  1.483E+01  3.763E-05 
 1.003E-08  0.000E+00 -6.372E+02  0.000E+00  3.144E+02  5.759E-10  1.427E-05  1.480E+01  3.823E-05 
 1.003E-08  0.000E+00 -6.346E+02  0.000E+00  3.140E+02  5.756E-10  1.423E-05  1.472E+01  4.014E-05 
 1.003E-08  0.000E+00 -6.299E+02  0.000E+00  3.132E+02  5.750E-10  1.416E-05  1.456E+01  4.368E-05 
 1.004E-08  0.000E+00 -6.152E+02  0.000E+00  3.108E+02  5.733E-10  1.394E-05  1.407E+01  5.481E-05 
 1.004E-08  0.000E+00 -5.956E+02  0.000E+00  3.075E+02  5.709E-10  1.364E-05  1.344E+01  6.970E-05 
 1.005E-08  0.000E+00 -5.763E+02  0.000E+00  3.042E+02  5.687E-10  1.334E-05  1.282E+01  8.464E-05 
 1.005E-08  0.000E+00 -5.579E+02  0.000E+00  3.010E+02  5.666E-10  1.305E-05  1.225E+01  9.912E-05 
 1.006E-08  0.000E+00 -5.400E+02  0.000E+00  2.979E+02  5.646E-10  1.276E-05  1.170E+01  1.133E-04 
 1.006E-08  0.000E+00 -5.226E+02  0.000E+00  2.948E+02  5.627E-10  1.248E-05  1.118E+01  1.272E-04 
 1.007E-08  0.000E+00 -5.057E+02  0.000E+00  2.917E+02  5.609E-10  1.220E-05  1.069E+01  1.410E-04 
 1.008E-08  0.000E+00 -4.893E+02  0.000E+00  2.887E+02  5.592E-10  1.193E-05  1.022E+01  1.545E-04 
 1.008E-08  0.000E+00 -4.734E+02  0.000E+00  2.857E+02  5.576E-10  1.167E-05  9.776E+00  1.678E-04 
 1.009E-08  0.000E+00 -4.579E+02  0.000E+00  2.827E+02  5.560E-10  1.140E-05  9.353E+00  1.809E-04 
 1.010E-08  0.000E+00 -4.429E+02  0.000E+00  2.798E+02  5.545E-10  1.115E-05  8.951E+00  1.937E-04 
 1.010E-08  0.000E+00 -4.284E+02  0.000E+00  2.769E+02  5.531E-10  1.089E-05  8.570E+00  2.063E-04 
 1.011E-08  0.000E+00 -4.142E+02  0.000E+00  2.740E+02  5.518E-10  1.064E-05  8.208E+00  2.187E-04 
 1.012E-08  0.000E+00 -4.005E+02  0.000E+00  2.711E+02  5.505E-10  1.040E-05  7.865E+00  2.308E-04 
 1.012E-08  0.000E+00 -3.873E+02  0.000E+00  2.683E+02  5.493E-10  1.016E-05  7.540E+00  2.428E-04 
 1.013E-08  0.000E+00 -3.744E+02  0.000E+00  2.655E+02  5.481E-10  9.926E-06  7.232E+00  2.545E-04 
 1.014E-08  0.000E+00 -3.619E+02  0.000E+00  2.628E+02  5.470E-10  9.695E-06  6.940E+00  2.659E-04 
 1.015E-08  0.000E+00 -3.498E+02  0.000E+00  2.601E+02  5.460E-10  9.470E-06  6.664E+00  2.772E-04 
 1.015E-08  0.000E+00 -3.381E+02  0.000E+00  2.574E+02  5.450E-10  9.249E-06  6.403E+00  2.882E-04 
 1.016E-08  0.000E+00 -3.268E+02  0.000E+00  2.547E+02  5.441E-10  9.032E-06  6.156E+00  2.990E-04 
 1.017E-08  0.000E+00 -3.158E+02  0.000E+00  2.521E+02  5.432E-10  8.820E-06  5.922E+00  3.095E-04 
 1.018E-08  0.000E+00 -3.052E+02  0.000E+00  2.495E+02  5.423E-10  8.613E-06  5.701E+00  3.199E-04 
 1.019E-08  0.000E+00 -2.950E+02  0.000E+00  2.469E+02  5.415E-10  8.411E-06  5.493E+00  3.300E-04 
 1.020E-08  0.000E+00 -2.850E+02  0.000E+00  2.443E+02  5.407E-10  8.213E-06  5.296E+00  3.398E-04 
 1.020E-08  0.000E+00 -2.755E+02  0.000E+00  2.418E+02  5.400E-10  8.019E-06  5.110E+00  3.494E-04 
 1.021E-08  0.000E+00 -2.662E+02  0.000E+00  2.393E+02  5.393E-10  7.831E-06  4.935E+00  3.588E-04 
 1.022E-08  0.000E+00 -2.573E+02  0.000E+00  2.368E+02  5.386E-10  7.647E-06  4.770E+00  3.680E-04 
 1.023E-08  0.000E+00 -2.486E+02  0.000E+00  2.344E+02  5.380E-10  7.468E-06  4.614E+00  3.769E-04 
 1.024E-08  0.000E+00 -2.403E+02  0.000E+00  2.320E+02  5.374E-10  7.293E-06  4.468E+00  3.856E-04 
 1.025E-08  0.000E+00 -2.323E+02  0.000E+00  2.296E+02  5.369E-10  7.123E-06  4.330E+00  3.941E-04 
 1.026E-08  0.000E+00 -2.245E+02  0.000E+00  2.272E+02  5.363E-10  6.958E-06  4.200E+00  4.024E-04 
 1.027E-08  0.000E+00 -2.171E+02  0.000E+00  2.248E+02  5.358E-10  6.797E-06  4.077E+00  4.104E-04 
 1.029E-08  0.000E+00 -2.099E+02  0.000E+00  2.225E+02  5.354E-10  6.641E-06  3.963E+00  4.181E-04 
 1.030E-08  0.000E+00 -2.030E+02  0.000E+00  2.202E+02  5.349E-10  6.489E-06  3.855E+00  4.257E-04 
 1.031E-08  0.000E+00 -1.963E+02  0.000E+00  2.179E+02  5.345E-10  6.343E-06  3.753E+00  4.330E-04 
 1.032E-08  0.000E+00 -1.899E+02  0.000E+00  2.156E+02  5.341E-10  6.200E-06  3.658E+00  4.401E-04 
 1.033E-08  0.000E+00 -1.838E+02  0.000E+00  2.134E+02  5.337E-10  6.063E-06  3.569E+00  4.469E-04 
 1.034E-08  0.000E+00 -1.779E+02  0.000E+00  2.111E+02  5.334E-10  5.930E-06  3.485E+00  4.536E-04 
 1.036E-08  0.000E+00 -1.722E+02  0.000E+00  2.089E+02  5.330E-10  5.802E-06  3.406E+00  4.600E-04 
 1.037E-08  0.000E+00 -1.667E+02  0.000E+00  2.067E+02  5.327E-10  5.678E-06  3.333E+00  4.661E-04 
 1.038E-08  0.000E+00 -1.615E+02  0.000E+00  2.045E+02  5.324E-10  5.559E-06  3.264E+00  4.721E-04 
 1.040E-08  0.000E+00 -1.565E+02  0.000E+00  2.023E+02  5.321E-10  5.444E-06  3.199E+00  4.778E-04 
 1.041E-08  0.000E+00 -1.517E+02  0.000E+00  2.002E+02  5.319E-10  5.334E-06  3.139E+00  4.833E-04 
 1.043E-08  0.000E+00 -1.471E+02  0.000E+00  1.980E+02  5.316E-10  5.228E-06  3.083E+00  4.885E-04 
 1.044E-08  0.000E+00 -1.426E+02  0.000E+00  1.959E+02  5.314E-10  5.127E-06  3.030E+00  4.936E-04 
 1.046E-08  0.000E+00 -1.384E+02  0.000E+00  1.937E+02  5.312E-10  5.030E-06  2.980E+00  4.984E-04 
 1.047E-08  0.000E+00 -1.344E+02  0.000E+00  1.916E+02  5.310E-10  4.938E-06  2.934E+00  5.030E-04 
 1.049E-08  0.000E+00 -1.305E+02  0.000E+00  1.895E+02  5.308E-10  4.850E-06  2.891E+00  5.074E-04 
 1.050E-08  0.000E+00 -1.269E+02  0.000E+00  1.874E+02  5.306E-10  4.767E-06  2.851E+00  5.115E-04 
 1.052E-08  0.000E+00 -1.233E+02  0.000E+00  1.852E+02  5.305E-10  4.687E-06  2.814E+00  5.155E-04 
 1.054E-08  0.000E+00 -1.200E+02  0.000E+00  1.831E+02  5.303E-10  4.613E-06  2.779E+00  5.192E-04 
 1.056E-08  0.000E+00 -1.168E+02  0.000E+00  1.810E+02  5.302E-10  4.542E-06  2.747E+00  5.227E-04 
 1.056E-08  0.000E+00 -1.159E+02  0.000E+00  1.804E+02  5.301E-10  4.522E-06  2.738E+00  5.237E-04 
 1.057E-08  0.000E+00 -1.151E+02  0.000E+00  1.798E+02  5.301E-10  4.504E-06  2.730E+00  5.246E-04 
 1.057E-08  0.000E+00 -1.142E+02  0.000E+00  1.792E+02  5.300E-10  4.486E-06  2.721E+00  5.255E-04 
 1.059E-08  0.000E+00 -1.116E+02  0.000E+00  1.773E+02  5.299E-10  4.430E-06  2.696E+00  5.283E-04 
 1.061E-08  0.000E+00 -1.087E+02  0.000E+00  1.752E+02  5.298E-10  4.370E-06  2.669E+00  5.313E-04 
 1.063E-08  0.000E+00 -1.060E+02  0.000E+00  1.730E+02  5.297E-10  4.314E-06  2.644E+00  5.341E-04 
 1.065E-08  0.000E+00 -1.035E+02  0.000E+00  1.708E+02  5.296E-10  4.264E-06  2.621E+00  5.366E-04 
 1.067E-08  0.000E+00 -1.010E+02  0.000E+00  1.687E+02  5.295E-10  4.217E-06  2.600E+00  5.389E-04 
 1.069E-08  0.000E+00 -9.876E+01  0.000E+00  1.665E+02  5.295E-10  4.175E-06  2.581E+00  5.410E-04 
 1.071E-08  0.000E+00 -9.658E+01  0.000E+00  1.644E+02  5.294E-10  4.137E-06  2.563E+00  5.429E-04 
 1.074E-08  0.000E+00 -9.450E+01  0.000E+00  1.622E+02  5.293E-10  4.103E-06  2.546E+00  5.446E-04 
 1.076E-08  0.000E+00 -9.253E+01  0.000E+00  1.599E+02  5.293E-10  4.073E-06  2.531E+00  5.461E-04 
 1.078E-08  0.000E+00 -9.065E+01  0.000E+00  1.577E+02  5.292E-10  4.047E-06  2.516E+00  5.474E-04 
 1.081E-08  0.000E+00 -8.887E+01  0.000E+00  1.555E+02  5.292E-10  4.024E-06  2.504E+00  5.485E-04 
 1.084E-08  0.000E+00 -8.716E+01  0.000E+00  1.532E+02  5.292E-10  4.006E-06  2.492E+00  5.494E-04 
 1.086E-08  0.000E+00 -8.554E+01  0.000E+00  1.509E+02  5.291E-10  3.992E-06  2.481E+00  5.501E-04 
 1.089E-08  0.000E+00 -8.400E+01  0.000E+00  1.485E+02  5.291E-10  3.981E-06  2.471E+00  5.507E-04 
 1.092E-08  0.000E+00 -8.252E+01  0.000E+00  1.461E+02  5.291E-10  3.975E-06  2.462E+00  5.510E-04 
 1.095E-08  0.000E+00 -8.111E+01  0.000E+00  1.437E+02  5.291E-10  3.973E-06  2.454E+00  5.511E-04 
 1.098E-08  0.000E+00 -7.976E+01  0.000E+00  1.413E+02  5.291E-10  3.974E-06  2.446E+00  5.510E-04 
 1.101E-08  0.000E+00 -7.846E+01  0.000E+00  1.388E+02  5.291E-10  3.979E-06  2.440E+00  5.507E-04 
 1.104E-08  0.000E+00 -7.721E+01  0.000E+00  1.363E+02  5.291E-10  3.989E-06  2.434E+00  5.503E-04 
 1.108E-08  0.000E+00 -7.600E+01  0.000E+00  1.337E+02  5.292E-10  4.002E-06  2.428E+00  5.496E-04 
 1.111E-08  0.000E+00 -7.483E+01  0.000E+00  1.310E+02  5.292E-10  4.020E-06  2.424E+00  5.487E-04 
 1.115E-08  0.000E+00 -7.369E+01  0.000E+00  1.283E+02  5.292E-10  4.042E-06  2.419E+00  5.476E-04 
 1.118E-08  0.000E+00 -7.258E+01  0.000E+00  1.256E+02  5.293E-10  4.068E-06  2.416E+00  5.463E-04 
 1.122E-08  0.000E+00 -7.148E+01  0.000E+00  1.228E+02  5.293E-10  4.099E-06  2.413E+00  5.448E-04 
 1.126E-08  0.000E+00 -7.041E+01  0.000E+00  1.199E+02  5.294E-10  4.134E-06  2.410E+00  5.430E-04 
 1.131E-08  0.000E+00 -6.934E+01  0.000E+00  1.169E+02  5.295E-10  4.174E-06  2.407E+00  5.410E-04 
 1.135E-08  0.000E+00 -6.827E+01  0.000E+00  1.139E+02  5.295E-10  4.219E-06  2.406E+00  5.387E-04 
 1.140E-08  0.000E+00 -6.720E+01  0.000E+00  1.108E+02  5.296E-10  4.269E-06  2.404E+00  5.362E-04 
 1.144E-08  0.000E+00 -6.612E+01  0.000E+00  1.076E+02  5.297E-10  4.325E-06  2.403E+00  5.334E-04 
 1.149E-08  0.000E+00 -6.502E+01  0.000E+00  1.043E+02  5.299E-10  4.387E-06  2.402E+00  5.304E-04 
 1.155E-08  0.000E+00 -6.389E+01  0.000E+00  1.010E+02  5.300E-10  4.455E-06  2.401E+00  5.270E-04 
 1.160E-08  0.000E+00 -6.273E+01  0.000E+00  9.750E+01  5.301E-10  4.529E-06  2.400E+00  5.232E-04 
 1.162E-08  0.000E+00 -6.243E+01  0.000E+00  9.660E+01  5.302E-10  4.550E-06  2.400E+00  5.222E-04 
 1.163E-08  0.000E+00 -6.223E+01  0.000E+00  9.601E+01  5.302E-10  4.563E-06  2.400E+00  5.215E-04 
 1.166E-08  0.000E+00 -6.160E+01  0.000E+00  9.414E+01  5.303E-10  4.607E-06  2.400E+00  5.194E-04 
 1.168E-08  0.000E+00 -6.105E+01  0.000E+00  9.253E+01  5.304E-10  4.645E-06  2.399E+00  5.174E-04 
 1.169E-08  0.000E+00 -6.091E+01  0.000E+00  9.212E+01  5.304E-10  4.655E-06  2.399E+00  5.169E-04 
 1.170E-08  0.000E+00 -6.077E+01  0.000E+00  9.169E+01  5.304E-10  4.666E-06  2.399E+00  5.164E-04 
 1.170E-08  0.000E+00 -6.062E+01  0.000E+00  9.127E+01  5.304E-10  4.676E-06  2.399E+00  5.159E-04 
 1.172E-08  0.000E+00 -6.016E+01  0.000E+00  8.993E+01  5.305E-10  4.710E-06  2.399E+00  5.142E-04 
 1.180E-08  0.000E+00 -5.869E+01  0.000E+00  8.570E+01  5.307E-10  4.821E-06  2.398E+00  5.086E-04 
 1.186E-08  0.000E+00 -5.726E+01  0.000E+00  8.173E+01  5.310E-10  4.933E-06  2.398E+00  5.031E-04 
 1.194E-08  0.000E+00 -5.566E+01  0.000E+00  7.740E+01  5.313E-10  5.063E-06  2.397E+00  4.965E-04 
 1.202E-08  0.000E+00 -5.399E+01  0.000E+00  7.305E+01  5.316E-10  5.203E-06  2.396E+00  4.895E-04 
 1.211E-08  0.000E+00 -5.208E+01  0.000E+00  6.829E+01  5.320E-10  5.368E-06  2.394E+00  4.813E-04 
 1.221E-08  0.000E+00 -4.982E+01  0.000E+00  6.299E+01  5.324E-10  5.569E-06  2.391E+00  4.713E-04 
 1.235E-08  0.000E+00 -4.689E+01  0.000E+00  5.655E+01  5.331E-10  5.838E-06  2.385E+00  4.578E-04 
 1.248E-08  0.000E+00 -4.396E+01  0.000E+00  5.061E+01  5.339E-10  6.115E-06  2.379E+00  4.439E-04 
 1.261E-08  0.000E+00 -4.086E+01  0.000E+00  4.482E+01  5.347E-10  6.419E-06  2.369E+00  4.288E-04 
 1.273E-08  0.000E+00 -3.833E+01  0.000E+00  4.042E+01  5.355E-10  6.675E-06  2.360E+00  4.159E-04 
 1.283E-08  0.000E+00 -3.606E+01  0.000E+00  3.673E+01  5.362E-10  6.912E-06  2.351E+00  4.041E-04 
 1.292E-08  0.000E+00 -3.393E+01  0.000E+00  3.346E+01  5.369E-10  7.139E-06  2.341E+00  3.928E-04 
 1.301E-08  0.000E+00 -3.190E+01  0.000E+00  3.050E+01  5.377E-10  7.363E-06  2.331E+00  3.816E-04 
 1.310E-08  0.000E+00 -2.994E+01  0.000E+00  2.778E+01  5.384E-10  7.586E-06  2.320E+00  3.704E-04 
 1.318E-08  0.000E+00 -2.803E+01  0.000E+00  2.527E+01  5.392E-10  7.809E-06  2.308E+00  3.593E-04 
 1.327E-08  0.000E+00 -2.617E+01  0.000E+00  2.293E+01  5.400E-10  8.033E-06  2.296E+00  3.481E-04 
 1.336E-08  0.000E+00 -2.435E+01  0.000E+00  2.075E+01  5.409E-10  8.261E-06  2.283E+00  3.367E-04 
 1.344E-08  0.000E+00 -2.256E+01  0.000E+00  1.871E+01  5.418E-10  8.492E-06  2.270E+00  3.252E-04 
 1.353E-08  0.000E+00 -2.082E+01  0.000E+00  1.679E+01  5.428E-10  8.728E-06  2.256E+00  3.134E-04 
 1.362E-08  0.000E+00 -1.910E+01  0.000E+00  1.499E+01  5.438E-10  8.969E-06  2.241E+00  3.013E-04 
 1.371E-08  0.000E+00 -1.740E+01  0.000E+00  1.329E+01  5.449E-10  9.219E-06  2.226E+00  2.888E-04 
 1.381E-08  0.000E+00 -1.578E+01  0.000E+00  1.173E+01  5.460E-10  9.470E-06  2.210E+00  2.763E-04 
 1.390E-08  0.000E+00 -1.428E+01  0.000E+00  1.035E+01  5.471E-10  9.714E-06  2.195E+00  2.641E-04 
 1.399E-08  0.000E+00 -1.290E+01  0.000E+00  9.123E+00  5.483E-10  9.952E-06  2.181E+00  2.522E-04 
 1.408E-08  0.000E+00 -1.162E+01  0.000E+00  8.035E+00  5.494E-10  1.018E-05  2.167E+00  2.406E-04 
 1.417E-08  0.000E+00 -1.045E+01  0.000E+00  7.064E+00  5.506E-10  1.041E-05  2.153E+00  2.293E-04 
 1.425E-08  0.000E+00 -9.360E+00  0.000E+00  6.198E+00  5.517E-10  1.063E-05  2.140E+00  2.182E-04 
 1.434E-08  0.000E+00 -8.358E+00  0.000E+00  5.423E+00  5.529E-10  1.085E-05  2.128E+00  2.073E-04 
 1.443E-08  0.000E+00 -7.435E+00  0.000E+00  4.731E+00  5.541E-10  1.106E-05  2.116E+00  1.966E-04 
 1.452E-08  0.000E+00 -6.587E+00  0.000E+00  4.113E+00  5.553E-10  1.127E-05  2.105E+00  1.861E-04 
 1.461E-08  0.000E+00 -5.808E+00  0.000E+00  3.561E+00  5.565E-10  1.148E-05  2.094E+00  1.757E-04 
 1.470E-08  0.000E+00 -5.097E+00  0.000E+00  3.070E+00  5.577E-10  1.169E-05  2.084E+00  1.656E-04 
 1.479E-08  0.000E+00 -4.448E+00  0.000E+00  2.634E+00  5.589E-10  1.189E-05  2.074E+00  1.555E-04 
 1.488E-08  0.000E+00 -3.858E+00  0.000E+00  2.248E+00  5.601E-10  1.208E-05  2.066E+00  1.457E-04 
 1.498E-08  0.000E+00 -3.325E+00  0.000E+00  1.907E+00  5.614E-10  1.228E-05  2.057E+00  1.360E-04 
 1.507E-08  0.000E+00 -2.845E+00  0.000E+00  1.606E+00  5.626E-10  1.247E-05  2.050E+00  1.264E-04 
 1.517E-08  0.000E+00 -2.415E+00  0.000E+00  1.343E+00  5.639E-10  1.266E-05  2.043E+00  1.169E-04 
 1.528E-08  0.000E+00 -2.033E+00  0.000E+00  1.114E+00  5.652E-10  1.284E-05  2.037E+00  1.077E-04 
 1.538E-08  0.000E+00 -1.700E+00  0.000E+00  9.191E-01  5.664E-10  1.302E-05  2.031E+00  9.870E-05 
 1.549E-08  0.000E+00 -1.413E+00  0.000E+00  7.540E-01  5.677E-10  1.320E-05  2.026E+00  9.005E-05 
 1.560E-08  0.000E+00 -1.167E+00  0.000E+00  6.147E-01  5.689E-10  1.336E-05  2.022E+00  8.171E-05 
 1.571E-08  0.000E+00 -9.551E-01  0.000E+00  4.972E-01  5.701E-10  1.353E-05  2.018E+00  7.364E-05 
 1.582E-08  0.000E+00 -7.744E-01  0.000E+00  3.985E-01  5.713E-10  1.368E-05  2.015E+00  6.581E-05 
 1.594E-08  0.000E+00 -6.210E-01  0.000E+00  3.160E-01  5.725E-10  1.383E-05  2.012E+00  5.820E-05 
 1.606E-08  0.000E+00 -4.916E-01  0.000E+00  2.475E-01  5.736E-10  1.398E-05  2.010E+00  5.081E-05 
 1.619E-08  0.000E+00 -3.836E-01  0.000E+00  1.912E-01  5.748E-10  1.413E-05  2.008E+00  4.362E-05 
 1.633E-08  0.000E+00 -2.943E-01  0.000E+00  1.452E-01  5.759E-10  1.427E-05  2.006E+00  3.662E-05 
 1.647E-08  0.000E+00 -2.214E-01  0.000E+00  1.082E-01  5.770E-10  1.440E-05  2.004E+00  2.980E-05 
 1.662E-08  0.000E+00 -1.628E-01  0.000E+00  7.886E-02  5.782E-10  1.454E-05  2.003E+00  2.317E-05 
 1.679E-08  0.000E+00 -1.165E-01  0.000E+00  5.594E-02  5.793E-10  1.466E-05  2.002E+00  1.672E-05 
 1.696E-08  0.000E+00 -8.075E-02  0.000E+00  3.844E-02  5.803E-10  1.479E-05  2.002E+00  1.046E-05 
 1.716E-08  0.000E+00 -5.380E-02  0.000E+00  2.540E-02  5.814E-10  1.491E-05  2.001E+00  4.378E-06 
 1.737E-08  0.000E+00 -3.415E-02  0.000E+00  1.600E-02  5.825E-10  1.503E-05  2.001E+00 -1.506E-06 
 1.761E-08  0.000E+00 -2.040E-02  0.000E+00  9.482E-03  5.835E-10  1.514E-05  2.000E+00 -7.181E-06 
 1.786E-08  0.000E+00 -1.190E-02  0.000E+00  5.496E-03  5.844E-10  1.524E-05  2.000E+00 -1.218E-05 
 1.800E-08  0.000E+00 -8.740E-03  0.000E+00  4.023E-03  5.849E-10  1.529E-05  2.000E+00 -1.472E-05 